[gd_scene load_steps=7 format=3 uid="uid://dpcrab6x40y70"]

[ext_resource type="PackedScene" uid="uid://c0xrx4nkxuipd" path="res://Models/Test/Goblin.glb" id="1_ydnbf"]

[sub_resource type="AnimationNodeAnimation" id="AnimationNodeAnimation_ydnbf"]
animation = &"CharacterArmature|Idle"

[sub_resource type="AnimationNodeBlend3" id="AnimationNodeBlend3_fa0c2"]

[sub_resource type="AnimationNodeAnimation" id="AnimationNodeAnimation_ripsv"]
animation = &"CharacterArmature|Run"

[sub_resource type="AnimationNodeAnimation" id="AnimationNodeAnimation_6yqvs"]
animation = &"CharacterArmature|Walk"

[sub_resource type="AnimationNodeBlendTree" id="AnimationNodeBlendTree_1dxk0"]
graph_offset = Vector2(-470, 260)
nodes/output/position = Vector2(360, 240)
nodes/idle/node = SubResource("AnimationNodeAnimation_ydnbf")
nodes/idle/position = Vector2(-80, 100)
nodes/walk/node = SubResource("AnimationNodeAnimation_6yqvs")
nodes/walk/position = Vector2(-80, 280)
nodes/run/node = SubResource("AnimationNodeAnimation_ripsv")
nodes/run/position = Vector2(-80, 460)
nodes/iwr_blend/node = SubResource("AnimationNodeBlend3_fa0c2")
nodes/iwr_blend/position = Vector2(200, 240)
node_connections = [&"output", 0, &"iwr_blend", &"iwr_blend", 0, &"idle", &"iwr_blend", 1, &"walk", &"iwr_blend", 2, &"run"]

[node name="GoblinModel" instance=ExtResource("1_ydnbf")]

[node name="Skeleton3D" parent="RootNode/CharacterArmature" index="0"]
bones/2/position = Vector3(2.1529802e-05, 0.008374705, 0.0016757363)
bones/4/rotation = Quaternion(0.16683148, 4.3189968e-07, 1.0312022e-07, 0.98598546)
bones/5/rotation = Quaternion(0.07250934, -8.2875033e-07, 1.8191226e-09, 0.9973678)
bones/7/rotation = Quaternion(-0.35656133, -0.0002576936, 9.782632e-05, 0.9342719)
bones/8/position = Vector3(0.001771938, 0.0025778117, -9.002435e-05)
bones/8/rotation = Quaternion(-0.15029961, 0.0030127787, -0.41331416, 0.89809376)
bones/10/rotation = Quaternion(-0.012704732, 0.266927, -0.17700315, 0.9472373)
bones/22/position = Vector3(-0.001759171, 0.0025778117, -9.002221e-05)
bones/22/rotation = Quaternion(-0.15029936, -0.0030122239, 0.41331422, 0.8980937)
bones/24/rotation = Quaternion(-0.01270475, -0.26692703, 0.17700316, 0.9472373)
bones/26/rotation = Quaternion(-0.028374862, 0.0048223766, 0.16748196, 0.985455)
bones/33/rotation = Quaternion(-0.07661218, 0.0015270478, 0.019867463, 0.9968619)
bones/36/rotation = Quaternion(0.97047275, 0.00893382, 0.0018118804, 0.2410385)
bones/37/rotation = Quaternion(0.48254162, 0.0059762304, 0.008750782, 0.87580895)
bones/38/rotation = Quaternion(0.9704728, -0.008935316, -0.0018113726, 0.24103858)
bones/39/rotation = Quaternion(0.48254153, -0.00597625, -0.008750821, 0.87580895)

[node name="Head" parent="RootNode/CharacterArmature/Skeleton3D" index="1"]
transform = Transform3D(0.99999976, 2.8885324e-08, -0.0005501821, -0.0005131622, -0.36056963, -0.93273187, -0.00019840598, 0.93273187, -0.36056963, -6.383558e-06, -0.0015816137, 0.018864943)

[node name="Pinky3_L" parent="RootNode/CharacterArmature/Skeleton3D" index="2"]
transform = Transform3D(-0.6299887, -0.6145316, 0.47483152, -0.7753671, 0.5322106, -0.33993614, -0.043809082, -0.582325, -0.81177485, 0.014300148, 0.0024570136, 0.0037206367)

[node name="Middle3_L" parent="RootNode/CharacterArmature/Skeleton3D" index="3"]
transform = Transform3D(-0.5672393, -0.68953055, 0.45031837, -0.800983, 0.3347783, -0.49633527, 0.19148137, -0.6422386, -0.7422017, 0.013373684, 0.0013182269, 0.0031096917)

[node name="Index3_L" parent="RootNode/CharacterArmature/Skeleton3D" index="4"]
transform = Transform3D(-0.6230787, -0.3567309, 0.69607157, -0.7806811, 0.33831733, -0.5254305, -0.048056006, -0.87079483, -0.48929155, 0.013030171, -0.00034148508, 0.0032199672)

[node name="Thumb2_L" parent="RootNode/CharacterArmature/Skeleton3D" index="5"]
transform = Transform3D(-0.6033115, -0.501982, -0.61970073, 0.35143888, 0.5301865, -0.7716164, 0.71589464, -0.68331224, -0.14345187, 0.010431912, -0.000481284, 0.0062528662)

[node name="Pinky3_R" parent="RootNode/CharacterArmature/Skeleton3D" index="6"]
transform = Transform3D(-0.34105462, -0.48492497, -0.805313, 0.85753745, 0.190465, -0.4778617, 0.38511118, -0.8535634, 0.35088265, -0.014806931, 0.0025210679, 0.0039676903)

[node name="Middle3_R" parent="RootNode/CharacterArmature/Skeleton3D" index="7"]
transform = Transform3D(-0.5023992, -0.47709617, -0.7210923, 0.84859717, -0.112189636, -0.5170064, 0.16576292, -0.8716605, 0.46122673, -0.014306859, 0.00096027565, 0.0031419494)

[node name="Index3_R" parent="RootNode/CharacterArmature/Skeleton3D" index="8"]
transform = Transform3D(-0.60144496, -0.4125479, -0.6841551, 0.79882723, -0.3231646, -0.50738466, -0.011774, -0.85168564, 0.52392054, -0.013227872, -0.0005963036, 0.0033898011)

[node name="Thumb2_R" parent="RootNode/CharacterArmature/Skeleton3D" index="9"]
transform = Transform3D(-0.70451844, 0.18864182, -0.6841549, 0.27395612, -0.8170119, -0.50738466, -0.6546766, -0.5448907, 0.5239205, -0.010977633, -0.0007682713, 0.0056434884)

[node name="LowerLeg_L" parent="RootNode/CharacterArmature/Skeleton3D" index="10"]
transform = Transform3D(0.9999249, 0.0058498527, 0.0091723185, -0.010867154, 0.49714574, 0.86754686, 0.000514553, -0.86763185, 0.49721998, 0.0034732562, 0.00021716882, 0.004627324)

[node name="LowerLeg_R" parent="RootNode/CharacterArmature/Skeleton3D" index="11"]
transform = Transform3D(0.9999251, -0.0058519747, -0.009170829, 0.010866925, 0.4971457, 0.86754704, -0.0005171288, -0.86763227, 0.49721995, -0.0034732674, 0.0002171672, 0.004627322)

[node name="AnimationTree" type="AnimationTree" parent="." index="2"]
tree_root = SubResource("AnimationNodeBlendTree_1dxk0")
anim_player = NodePath("../AnimationPlayer")
parameters/iwr_blend/blend_amount = -1.0
