[gd_scene load_steps=7 format=3 uid="uid://dpcrab6x40y70"]

[ext_resource type="PackedScene" uid="uid://c0xrx4nkxuipd" path="res://Models/Test/Goblin.glb" id="1_ydnbf"]

[sub_resource type="AnimationNodeAnimation" id="AnimationNodeAnimation_ydnbf"]
animation = &"CharacterArmature|Idle"

[sub_resource type="AnimationNodeBlend3" id="AnimationNodeBlend3_fa0c2"]

[sub_resource type="AnimationNodeAnimation" id="AnimationNodeAnimation_ripsv"]
animation = &"CharacterArmature|Run"

[sub_resource type="AnimationNodeAnimation" id="AnimationNodeAnimation_6yqvs"]
animation = &"CharacterArmature|Walk"

[sub_resource type="AnimationNodeBlendTree" id="AnimationNodeBlendTree_1dxk0"]
nodes/output/position = Vector2(360, 240)
nodes/idle/node = SubResource("AnimationNodeAnimation_ydnbf")
nodes/idle/position = Vector2(-80, 100)
nodes/walk/node = SubResource("AnimationNodeAnimation_6yqvs")
nodes/walk/position = Vector2(-80, 280)
nodes/run/node = SubResource("AnimationNodeAnimation_ripsv")
nodes/run/position = Vector2(-80, 460)
nodes/iwr_blend/node = SubResource("AnimationNodeBlend3_fa0c2")
nodes/iwr_blend/position = Vector2(200, 240)
node_connections = [&"output", 0, &"iwr_blend", &"iwr_blend", 0, &"idle", &"iwr_blend", 1, &"walk", &"iwr_blend", 2, &"run"]

[node name="GoblinModel" instance=ExtResource("1_ydnbf")]

[node name="Skeleton3D" parent="RootNode/CharacterArmature" index="0"]
bones/2/position = Vector3(2.1529802e-05, 0.008374705, 0.0016757363)
bones/4/rotation = Quaternion(0.16683148, 4.3189968e-07, 1.0312022e-07, 0.98598546)
bones/5/rotation = Quaternion(0.07284148, -8.2874976e-07, 2.095113e-09, 0.9973436)
bones/7/rotation = Quaternion(-0.3570436, -0.00025764303, 9.795872e-05, 0.9340877)
bones/8/position = Vector3(0.001771938, 0.0025778117, -9.002435e-05)
bones/8/rotation = Quaternion(-0.15003462, 0.0024089648, -0.4132487, 0.89817)
bones/10/rotation = Quaternion(-0.01231949, 0.2669312, -0.17696573, 0.94724816)
bones/22/position = Vector3(-0.001759171, 0.0025778117, -9.002221e-05)
bones/22/rotation = Quaternion(-0.15003435, -0.002408422, 0.4132487, 0.89817)
bones/24/rotation = Quaternion(-0.012319513, -0.2669312, 0.1769658, 0.94724816)
bones/26/rotation = Quaternion(-0.028374862, 0.0048223766, 0.16748196, 0.985455)
bones/33/rotation = Quaternion(-0.07661218, 0.0015270478, 0.019867463, 0.9968619)
bones/36/rotation = Quaternion(0.9703978, 0.008928993, 0.0018156896, 0.24134065)
bones/37/rotation = Quaternion(0.48305207, 0.0059813308, 0.008747297, 0.87552756)
bones/38/rotation = Quaternion(0.9703977, -0.008930488, -0.0018151817, 0.24134071)
bones/39/rotation = Quaternion(0.483052, -0.00598135, -0.008747335, 0.8755275)

[node name="Head" parent="RootNode/CharacterArmature/Skeleton3D" index="1"]
transform = Transform3D(0.99999976, 2.8474346e-08, -0.00055018265, -0.00051323546, -0.3602278, -0.93286395, -0.00019821776, 0.932864, -0.36022785, -6.3835614e-06, -0.0015858124, 0.018862389)

[node name="Pinky3_L" parent="RootNode/CharacterArmature/Skeleton3D" index="2"]
transform = Transform3D(-0.63103634, -0.6134281, 0.47486684, -0.77446723, 0.5333918, -0.34013656, -0.04464081, -0.5824076, -0.81167006, 0.014305178, 0.00244527, 0.0037229285)

[node name="Middle3_L" parent="RootNode/CharacterArmature/Skeleton3D" index="3"]
transform = Transform3D(-0.5684698, -0.68866336, 0.4500932, -0.800303, 0.3360976, -0.49654073, 0.19067426, -0.64247954, -0.74220085, 0.013377518, 0.0013081153, 0.003110761)

[node name="Index3_L" parent="RootNode/CharacterArmature/Skeleton3D" index="4"]
transform = Transform3D(-0.6241311, -0.3557165, 0.6956475, -0.77978826, 0.33930367, -0.5261198, -0.04888638, -0.87082595, -0.4891538, 0.013031634, -0.00035118026, 0.0032198846)

[node name="Thumb2_L" parent="RootNode/CharacterArmature/Skeleton3D" index="5"]
transform = Transform3D(-0.6032707, -0.5008182, -0.62068087, 0.35187173, 0.5312685, -0.7706744, 0.71571624, -0.6833257, -0.14427498, 0.010431287, -0.00048908486, 0.0062510804)

[node name="Pinky3_R" parent="RootNode/CharacterArmature/Skeleton3D" index="6"]
transform = Transform3D(-0.34200338, -0.4857226, -0.8044295, 0.8568458, 0.19027346, -0.47917706, 0.38580894, -0.8531526, 0.35111538, -0.014811897, 0.0025084806, 0.0039703334)

[node name="Middle3_R" parent="RootNode/CharacterArmature/Skeleton3D" index="7"]
transform = Transform3D(-0.5034726, -0.47748515, -0.7200853, 0.84780526, -0.11235975, -0.51826704, 0.16655639, -0.8714258, 0.4613847, -0.0143101765, 0.0009488501, 0.0031433979)

[node name="Index3_R" parent="RootNode/CharacterArmature/Skeleton3D" index="8"]
transform = Transform3D(-0.60256016, -0.41263163, -0.68312246, 0.7979982, -0.3232562, -0.50862944, -0.010946799, -0.8516103, 0.52406096, -0.013228875, -0.00060636946, 0.0033896961)

[node name="Thumb2_R" parent="RootNode/CharacterArmature/Skeleton3D" index="9"]
transform = Transform3D(-0.70530736, 0.18943456, -0.6831222, 0.27334744, -0.8164415, -0.5086295, -0.6540815, -0.5454702, 0.52406085, -0.01097699, -0.0007764854, 0.0056418795)

[node name="LowerLeg_L" parent="RootNode/CharacterArmature/Skeleton3D" index="10"]
transform = Transform3D(0.99992466, 0.005861885, 0.009182464, -0.010882222, 0.4976168, 0.86727643, 0.00051404105, -0.86736137, 0.49769115, 0.0034731985, 0.00021484331, 0.004628556)

[node name="LowerLeg_R" parent="RootNode/CharacterArmature/Skeleton3D" index="11"]
transform = Transform3D(0.9999249, -0.005864008, -0.009180976, 0.010881992, 0.49761683, 0.86727667, -0.00051661587, -0.8673618, 0.4976911, -0.00347321, 0.00021484145, 0.004628554)

[node name="AnimationTree" type="AnimationTree" parent="." index="2"]
tree_root = SubResource("AnimationNodeBlendTree_1dxk0")
anim_player = NodePath("../AnimationPlayer")
parameters/iwr_blend/blend_amount = -1.0
