[gd_scene load_steps=15 format=3 uid="uid://dpcrab6x40y70"]

[ext_resource type="PackedScene" uid="uid://c0xrx4nkxuipd" path="res://Models/Test/Goblin.glb" id="1_ydnbf"]

[sub_resource type="AnimationNodeOneShot" id="AnimationNodeOneShot_ydnbf"]

[sub_resource type="AnimationNodeAnimation" id="AnimationNodeAnimation_fa0c2"]
animation = &"CharacterArmature|Punch"

[sub_resource type="AnimationNodeAnimation" id="AnimationNodeAnimation_1dxk0"]
animation = &"CharacterArmature|Death"

[sub_resource type="AnimationNodeAnimation" id="AnimationNodeAnimation_rmop6"]
animation = &"CharacterArmature|HitReact"

[sub_resource type="AnimationNodeOneShot" id="AnimationNodeOneShot_mjcbv"]

[sub_resource type="AnimationNodeAnimation" id="AnimationNodeAnimation_ydnbf"]
animation = &"CharacterArmature|Idle"

[sub_resource type="AnimationNodeBlend3" id="AnimationNodeBlend3_fa0c2"]

[sub_resource type="AnimationNodeBlend2" id="AnimationNodeBlend2_j5xcn"]

[sub_resource type="AnimationNodeAnimation" id="AnimationNodeAnimation_ripsv"]
animation = &"CharacterArmature|Run"

[sub_resource type="AnimationNodeAnimation" id="AnimationNodeAnimation_uhwvh"]
animation = &"CharacterArmature|Wave"

[sub_resource type="AnimationNodeOneShot" id="AnimationNodeOneShot_5rg8s"]

[sub_resource type="AnimationNodeAnimation" id="AnimationNodeAnimation_6yqvs"]
animation = &"CharacterArmature|Walk"

[sub_resource type="AnimationNodeBlendTree" id="AnimationNodeBlendTree_1dxk0"]
graph_offset = Vector2(-207.96997, -2.0008087)
nodes/output/position = Vector2(1220, 160)
nodes/idle/node = SubResource("AnimationNodeAnimation_ydnbf")
nodes/idle/position = Vector2(-80, 100)
nodes/walk/node = SubResource("AnimationNodeAnimation_6yqvs")
nodes/walk/position = Vector2(-80, 280)
nodes/run/node = SubResource("AnimationNodeAnimation_ripsv")
nodes/run/position = Vector2(-80, 460)
nodes/iwr_blend/node = SubResource("AnimationNodeBlend3_fa0c2")
nodes/iwr_blend/position = Vector2(200, 240)
nodes/atk_shot/node = SubResource("AnimationNodeOneShot_ydnbf")
nodes/atk_shot/position = Vector2(560, 160)
nodes/attack/node = SubResource("AnimationNodeAnimation_fa0c2")
nodes/attack/position = Vector2(460, 480)
nodes/ld_blend/node = SubResource("AnimationNodeBlend2_j5xcn")
nodes/ld_blend/position = Vector2(360, 200)
nodes/death/node = SubResource("AnimationNodeAnimation_1dxk0")
nodes/death/position = Vector2(200, 480)
nodes/hit_shot/node = SubResource("AnimationNodeOneShot_mjcbv")
nodes/hit_shot/position = Vector2(740, 160)
nodes/hit/node = SubResource("AnimationNodeAnimation_rmop6")
nodes/hit/position = Vector2(720, 480)
nodes/skill_shot/node = SubResource("AnimationNodeOneShot_5rg8s")
nodes/skill_shot/position = Vector2(1060, 160)
nodes/skill/node = SubResource("AnimationNodeAnimation_uhwvh")
nodes/skill/position = Vector2(1000, 480)
node_connections = [&"output", 0, &"skill_shot", &"iwr_blend", 0, &"idle", &"iwr_blend", 1, &"walk", &"iwr_blend", 2, &"run", &"atk_shot", 0, &"ld_blend", &"atk_shot", 1, &"attack", &"ld_blend", 0, &"iwr_blend", &"ld_blend", 1, &"death", &"hit_shot", 0, &"atk_shot", &"hit_shot", 1, &"hit", &"skill_shot", 0, &"hit_shot", &"skill_shot", 1, &"skill"]

[node name="GoblinModel" instance=ExtResource("1_ydnbf")]

[node name="Skeleton3D" parent="RootNode/CharacterArmature" index="0"]
bones/2/position = Vector3(2.1529802e-05, 0.008374705, 0.0016757363)
bones/4/rotation = Quaternion(0.16683148, 4.3189968e-07, 1.0312022e-07, 0.98598546)
bones/5/rotation = Quaternion(0.046948723, -8.285252e-07, -1.9400995e-08, 0.9988974)
bones/7/rotation = Quaternion(-0.31921008, -0.00026139978, 8.7580906e-05, 0.947684)
bones/8/position = Vector3(0.001771938, 0.0025778117, -9.002435e-05)
bones/8/rotation = Quaternion(-0.16984801, 0.047891814, -0.41729033, 0.8914746)
bones/10/rotation = Quaternion(-0.042317603, 0.26649538, -0.17980272, 0.9459706)
bones/22/position = Vector3(-0.001759171, 0.0025778117, -9.002221e-05)
bones/22/rotation = Quaternion(-0.16984773, -0.047891255, 0.4172904, 0.8914746)
bones/24/rotation = Quaternion(-0.042317603, -0.26649544, 0.17980276, 0.94597065)
bones/26/rotation = Quaternion(-0.028374862, 0.0048223766, 0.16748196, 0.985455)
bones/33/rotation = Quaternion(-0.07661218, 0.0015270478, 0.019867463, 0.9968619)
bones/36/rotation = Quaternion(0.97620815, 0.009298479, 0.0015088, 0.21663123)
bones/37/rotation = Quaternion(0.4413414, 0.0055633252, 0.009018921, 0.8972767)
bones/38/rotation = Quaternion(0.9762081, -0.00930012, -0.0015082817, 0.21663125)
bones/39/rotation = Quaternion(0.4413414, -0.005563344, -0.0090189595, 0.8972767)

[node name="Head" parent="RootNode/CharacterArmature/Skeleton3D" index="1"]
transform = Transform3D(0.99999976, 6.004626e-08, -0.0005501987, -0.0005073748, -0.38669237, -0.9222083, -0.00021281309, 0.9222084, -0.38669237, -6.383329e-06, -0.0012538243, 0.019052884)

[node name="Pinky3_L" parent="RootNode/CharacterArmature/Skeleton3D" index="2"]
transform = Transform3D(-0.5482991, -0.6933041, 0.46765077, -0.8359532, 0.4387014, -0.32973093, 0.023444492, -0.57172567, -0.8201097, 0.013848562, 0.0032642332, 0.003503831)

[node name="Middle3_L" parent="RootNode/CharacterArmature/Skeleton3D" index="3"]
transform = Transform3D(-0.47199896, -0.7504009, 0.46272537, -0.84361637, 0.232044, -0.48421738, 0.2559844, -0.618913, -0.7425748, 0.013015781, 0.002009657, 0.002993011)

[node name="Index3_L" parent="RootNode/CharacterArmature/Skeleton3D" index="4"]
transform = Transform3D(-0.5410916, -0.43111527, 0.72205186, -0.840747, 0.2578414, -0.4760898, 0.019074485, -0.86467147, -0.50197464, 0.01285045, 0.0003312017, 0.0031936618)

[node name="Thumb2_L" parent="RootNode/CharacterArmature/Skeleton3D" index="5"]
transform = Transform3D(-0.6010968, -0.58613366, -0.5432582, 0.32357103, 0.4430684, -0.836057, 0.7307417, -0.6783341, -0.07667133, 0.010429312, 7.928186e-05, 0.0063628233)

[node name="Pinky3_R" parent="RootNode/CharacterArmature/Skeleton3D" index="6"]
transform = Transform3D(-0.26920813, -0.4211316, -0.8661265, 0.9052406, 0.19632427, -0.37682292, 0.32873365, -0.8854969, 0.32837343, -0.014357377, 0.0033908684, 0.0037207282)

[node name="Middle3_R" parent="RootNode/CharacterArmature/Skeleton3D" index="7"]
transform = Transform3D(-0.4198736, -0.44360197, -0.7917848, 0.90185887, -0.10610617, -0.4187977, 0.10176633, -0.88992035, 0.4446177, -0.0139812855, 0.0017492842, 0.002991516)

[node name="Index3_R" parent="RootNode/CharacterArmature/Skeleton3D" index="8"]
transform = Transform3D(-0.5148531, -0.40212506, -0.7571141, 0.85368466, -0.32127112, -0.4098867, -0.07841302, -0.85736793, 0.50869554, -0.013081251, 0.00010613375, 0.0033637777)

[node name="Thumb2_R" parent="RootNode/CharacterArmature/Skeleton3D" index="9"]
transform = Transform3D(-0.64029133, 0.12963632, -0.75711405, 0.3110674, -0.8574554, -0.40988678, -0.7023275, -0.49796057, 0.50869554, -0.010971691, -0.00018082769, 0.0057385755)

[node name="LowerLeg_L" parent="RootNode/CharacterArmature/Skeleton3D" index="10"]
transform = Transform3D(0.99993706, 0.004932155, 0.008338174, -0.009672536, 0.45958513, 0.8880259, 0.0005472936, -0.8881105, 0.4596515, 0.0034776274, 0.0004069237, 0.004532949)

[node name="LowerLeg_R" parent="RootNode/CharacterArmature/Skeleton3D" index="11"]
transform = Transform3D(0.9999373, -0.0049346215, -0.008336609, 0.009672285, 0.4595852, 0.88802594, -0.00055019045, -0.8881109, 0.45965147, -0.0034776402, 0.0004069223, 0.0045329467)

[node name="AnimationTree" type="AnimationTree" parent="." index="2"]
tree_root = SubResource("AnimationNodeBlendTree_1dxk0")
anim_player = NodePath("../AnimationPlayer")
parameters/iwr_blend/blend_amount = -1.0
parameters/atk_shot/active = false
parameters/atk_shot/internal_active = false
parameters/atk_shot/request = 0
parameters/ld_blend/blend_amount = 0.0
parameters/hit_shot/active = false
parameters/hit_shot/internal_active = false
parameters/hit_shot/request = 0
parameters/skill_shot/active = false
parameters/skill_shot/internal_active = false
parameters/skill_shot/request = 0
