[gd_scene load_steps=7 format=3 uid="uid://dpcrab6x40y70"]

[ext_resource type="PackedScene" uid="uid://c0xrx4nkxuipd" path="res://Models/Test/Goblin.glb" id="1_ydnbf"]

[sub_resource type="AnimationNodeAnimation" id="AnimationNodeAnimation_ydnbf"]
animation = &"CharacterArmature|Idle"

[sub_resource type="AnimationNodeBlend3" id="AnimationNodeBlend3_fa0c2"]

[sub_resource type="AnimationNodeAnimation" id="AnimationNodeAnimation_ripsv"]
animation = &"CharacterArmature|Run"

[sub_resource type="AnimationNodeAnimation" id="AnimationNodeAnimation_6yqvs"]
animation = &"CharacterArmature|Walk"

[sub_resource type="AnimationNodeBlendTree" id="AnimationNodeBlendTree_1dxk0"]
graph_offset = Vector2(-475.97208, 83.91401)
nodes/output/position = Vector2(360, 240)
nodes/idle/node = SubResource("AnimationNodeAnimation_ydnbf")
nodes/idle/position = Vector2(-80, 100)
nodes/walk/node = SubResource("AnimationNodeAnimation_6yqvs")
nodes/walk/position = Vector2(-80, 280)
nodes/run/node = SubResource("AnimationNodeAnimation_ripsv")
nodes/run/position = Vector2(-80, 460)
nodes/iwr_blend/node = SubResource("AnimationNodeBlend3_fa0c2")
nodes/iwr_blend/position = Vector2(200, 240)
node_connections = [&"output", 0, &"iwr_blend", &"iwr_blend", 0, &"idle", &"iwr_blend", 1, &"walk", &"iwr_blend", 2, &"run"]

[node name="GoblinModel" instance=ExtResource("1_ydnbf")]

[node name="Skeleton3D" parent="RootNode/CharacterArmature" index="0"]
bones/2/position = Vector3(2.1529802e-05, 0.008374705, 0.0016757363)
bones/4/rotation = Quaternion(0.16683148, 4.3189968e-07, 1.0312022e-07, 0.98598546)
bones/5/rotation = Quaternion(0.071784064, -8.287514e-07, 1.216482e-09, 0.9974202)
bones/7/rotation = Quaternion(-0.35550794, -0.00025780385, 9.753715e-05, 0.9346732)
bones/8/position = Vector3(0.001771938, 0.0025778117, -9.002435e-05)
bones/8/rotation = Quaternion(-0.15087807, 0.004331233, -0.4134564, 0.8979259)
bones/10/rotation = Quaternion(-0.013545912, 0.26691777, -0.17708468, 0.947213)
bones/22/position = Vector3(-0.001759171, 0.0025778117, -9.002221e-05)
bones/22/rotation = Quaternion(-0.15087782, -0.0043306854, 0.41345653, 0.8979259)
bones/24/rotation = Quaternion(-0.013545935, -0.26691774, 0.17708471, 0.947213)
bones/26/rotation = Quaternion(-0.028374862, 0.0048223766, 0.16748196, 0.985455)
bones/33/rotation = Quaternion(-0.07661218, 0.0015270478, 0.019867463, 0.9968619)
bones/36/rotation = Quaternion(0.9706363, 0.008944352, 0.001803563, 0.24037865)
bones/37/rotation = Quaternion(0.48142645, 0.0059650876, 0.008758381, 0.8764224)
bones/38/rotation = Quaternion(0.9706363, -0.0089458525, -0.0018030555, 0.24037874)
bones/39/rotation = Quaternion(0.48142642, -0.0059651076, -0.00875842, 0.8764225)

[node name="Head" parent="RootNode/CharacterArmature/Skeleton3D" index="1"]
transform = Transform3D(0.99999976, 2.9744456e-08, -0.0005501813, -0.00051300216, -0.36131588, -0.93244314, -0.00019881701, 0.932443, -0.36131582, -6.383552e-06, -0.0015724401, 0.018870512)

[node name="Pinky3_L" parent="RootNode/CharacterArmature/Skeleton3D" index="2"]
transform = Transform3D(-0.6276958, -0.61693615, 0.47474968, -0.777325, 0.52962536, -0.33950257, -0.041988283, -0.58213943, -0.8120039, 0.014289072, 0.0024825984, 0.0037155803)

[node name="Middle3_L" parent="RootNode/CharacterArmature/Skeleton3D" index="3"]
transform = Transform3D(-0.56454784, -0.6914184, 0.45080572, -0.80245906, 0.3318927, -0.49588883, 0.19324744, -0.6417062, -0.7422043, 0.01336523, 0.0013402554, 0.0031073126)

[node name="Index3_L" parent="RootNode/CharacterArmature/Skeleton3D" index="4"]
transform = Transform3D(-0.62077564, -0.35894358, 0.696991, -0.7826232, 0.3361562, -0.5239264, -0.046238054, -0.87072235, -0.48959517, 0.013026898, -0.00032035142, 0.003220109)

[node name="Thumb2_L" parent="RootNode/CharacterArmature/Skeleton3D" index="5"]
transform = Transform3D(-0.60339475, -0.504519, -0.6175554, 0.35049736, 0.5278169, -0.77366656, 0.71628577, -0.68327826, -0.1416496, 0.01043322, -0.00046425872, 0.006256734)

[node name="Pinky3_R" parent="RootNode/CharacterArmature/Skeleton3D" index="6"]
transform = Transform3D(-0.33898062, -0.4831792, -0.80723584, 0.8590431, 0.19087452, -0.4749857, 0.38358417, -0.85446167, 0.350369, -0.014795998, 0.002548493, 0.0039618555)

[node name="Middle3_R" parent="RootNode/CharacterArmature/Skeleton3D" index="7"]
transform = Transform3D(-0.50005186, -0.47624272, -0.7232846, 0.85031956, -0.11182463, -0.5142485, 0.16402617, -0.8721742, 0.46087667, -0.014299531, 0.0009851713, 0.003138729)

[node name="Index3_R" parent="RootNode/CharacterArmature/Skeleton3D" index="8"]
transform = Transform3D(-0.59900516, -0.41236126, -0.6864043, 0.8006299, -0.32296926, -0.50466096, -0.013584669, -0.8518502, 0.5236091, -0.013225603, -0.0005743599, 0.003389981)

[node name="Thumb2_R" parent="RootNode/CharacterArmature/Skeleton3D" index="9"]
transform = Transform3D(-0.7027902, 0.18690972, -0.68640417, 0.27527672, -0.8182541, -0.504661, -0.65597916, -0.54362214, 0.5236091, -0.010978976, -0.0007503476, 0.00564696)

[node name="LowerLeg_L" parent="RootNode/CharacterArmature/Skeleton3D" index="10"]
transform = Transform3D(0.9999252, 0.0058236406, 0.00915012, -0.010834254, 0.49611652, 0.86813605, 0.0005157006, -0.868221, 0.4961906, 0.003473382, 0.00022225059, 0.0046246396)

[node name="LowerLeg_R" parent="RootNode/CharacterArmature/Skeleton3D" index="11"]
transform = Transform3D(0.99992543, -0.005825778, -0.009148624, 0.010834021, 0.49611628, 0.86813635, -0.0005182928, -0.86822146, 0.49619022, -0.0034733934, 0.00022224872, 0.0046246387)

[node name="AnimationTree" type="AnimationTree" parent="." index="2"]
tree_root = SubResource("AnimationNodeBlendTree_1dxk0")
anim_player = NodePath("../AnimationPlayer")
parameters/iwr_blend/blend_amount = -1.0
