[gd_scene load_steps=15 format=3 uid="uid://b7bfswsab5x2v"]

[ext_resource type="PackedScene" uid="uid://p2ghnn088l8u" path="res://Models/Test/Wolf.glb" id="1_31xe5"]

[sub_resource type="AnimationNodeAnimation" id="AnimationNodeAnimation_31xe5"]
animation = &"Attack"

[sub_resource type="AnimationNodeOneShot" id="AnimationNodeOneShot_rkhba"]

[sub_resource type="AnimationNodeAnimation" id="AnimationNodeAnimation_0rsg8"]
animation = &"Death"

[sub_resource type="AnimationNodeAnimation" id="AnimationNodeAnimation_bx5c7"]
animation = &"Idle_HitReact_Left"

[sub_resource type="AnimationNodeOneShot" id="AnimationNodeOneShot_bx5c7"]

[sub_resource type="AnimationNodeAnimation" id="AnimationNodeAnimation_eqa61"]
animation = &"Idle"

[sub_resource type="AnimationNodeBlend3" id="AnimationNodeBlend3_0rsg8"]

[sub_resource type="AnimationNodeBlend2" id="AnimationNodeBlend2_31xe5"]

[sub_resource type="AnimationNodeAnimation" id="AnimationNodeAnimation_rkhba"]
animation = &"Gallop"

[sub_resource type="AnimationNodeAnimation" id="AnimationNodeAnimation_w5m4s"]
animation = &"Eating"

[sub_resource type="AnimationNodeOneShot" id="AnimationNodeOneShot_eqa61"]

[sub_resource type="AnimationNodeAnimation" id="AnimationNodeAnimation_vu4b0"]
animation = &"Walk"

[sub_resource type="AnimationNodeBlendTree" id="AnimationNodeBlendTree_0rsg8"]
graph_offset = Vector2(-861.898, -71.81818)
nodes/iwr_blend/node = SubResource("AnimationNodeBlend3_0rsg8")
nodes/iwr_blend/position = Vector2(-520, 140)
nodes/ld_blend/node = SubResource("AnimationNodeBlend2_31xe5")
nodes/ld_blend/position = Vector2(-360, 140)
nodes/attack_shot/node = SubResource("AnimationNodeOneShot_rkhba")
nodes/attack_shot/position = Vector2(-200, 140)
nodes/hit_shot/node = SubResource("AnimationNodeOneShot_bx5c7")
nodes/hit_shot/position = Vector2(-40, 140)
nodes/skill_shot/node = SubResource("AnimationNodeOneShot_eqa61")
nodes/skill_shot/position = Vector2(140, 140)
nodes/walk/node = SubResource("AnimationNodeAnimation_vu4b0")
nodes/walk/position = Vector2(-680, 180)
nodes/run/node = SubResource("AnimationNodeAnimation_rkhba")
nodes/run/position = Vector2(-680, 360)
nodes/idle/node = SubResource("AnimationNodeAnimation_eqa61")
nodes/idle/position = Vector2(-680, 0)
nodes/death/node = SubResource("AnimationNodeAnimation_0rsg8")
nodes/death/position = Vector2(-360, 400)
nodes/attack/node = SubResource("AnimationNodeAnimation_31xe5")
nodes/attack/position = Vector2(-200, 440)
nodes/hit/node = SubResource("AnimationNodeAnimation_bx5c7")
nodes/hit/position = Vector2(-60, 440)
nodes/skill/node = SubResource("AnimationNodeAnimation_w5m4s")
nodes/skill/position = Vector2(140, 440)
node_connections = [&"output", 0, &"skill_shot", &"iwr_blend", 0, &"idle", &"iwr_blend", 1, &"walk", &"iwr_blend", 2, &"run", &"ld_blend", 0, &"iwr_blend", &"ld_blend", 1, &"death", &"attack_shot", 0, &"ld_blend", &"attack_shot", 1, &"attack", &"hit_shot", 0, &"attack_shot", &"hit_shot", 1, &"hit", &"skill_shot", 0, &"hit_shot", &"skill_shot", 1, &"skill"]

[node name="WolfModel" instance=ExtResource("1_31xe5")]

[node name="Skeleton3D" parent="RootNode/AnimalArmature" index="0"]
bones/0/position = Vector3(0, -9.059309e-06, 0.004724389)
bones/0/rotation = Quaternion(0.7063212, 0, 0, 0.7078915)
bones/3/rotation = Quaternion(-0.0059659053, -2.0692725e-05, 1.6409494e-07, 0.99998224)
bones/5/rotation = Quaternion(0.07711826, -0.0012882478, 0.008859436, 0.99698174)
bones/6/rotation = Quaternion(0.029476305, 0.0017805286, 0.0048785736, 0.999552)
bones/7/rotation = Quaternion(-0.019506643, 0.0024470882, 0.0070234695, 0.9997821)
bones/8/rotation = Quaternion(-0.27248162, 0.006911139, -0.0023915134, 0.9621332)
bones/10/rotation = Quaternion(-0.073294416, 0.48965847, 0.049420837, 0.86742157)
bones/18/rotation = Quaternion(0.73792213, 0.65541327, -0.08832374, -0.13454887)
bones/19/rotation = Quaternion(-5.502794e-07, 0.96177924, -0.27382615, 2.0949647e-06)
bones/21/rotation = Quaternion(0.7379207, -0.655414, 0.08832654, -0.13455123)
bones/22/rotation = Quaternion(4.6854487e-07, 0.9617812, -0.2738195, -2.2101365e-06)
bones/23/rotation = Quaternion(0.56961787, 0.5204989, 0.42109528, -0.47675502)
bones/24/rotation = Quaternion(0.7188134, 0.6460996, 0.17151883, 0.19090302)
bones/25/rotation = Quaternion(0.704024, -0.000108186796, 0.00039348914, 0.7101761)
bones/26/rotation = Quaternion(-2.9863757e-05, 0.76991254, -0.6381495, 2.5276011e-05)
bones/27/rotation = Quaternion(0.56961685, -0.52050006, -0.42109662, -0.4767536)
bones/28/rotation = Quaternion(0.7188132, -0.64610016, -0.1715189, 0.19090208)
bones/29/rotation = Quaternion(0.70402014, 0.00010850608, -0.00039458062, 0.7101799)
bones/30/rotation = Quaternion(2.9872761e-05, 0.76991004, -0.6381525, -2.5283432e-05)
bones/33/rotation = Quaternion(-0.029195648, -9.55838e-10, 2.3218364e-08, 0.99957377)
bones/34/rotation = Quaternion(0.0060259267, 5.0103954e-06, 4.725082e-06, 0.9999819)
bones/35/rotation = Quaternion(0.1680147, 1.1682822e-07, 2.2183706e-08, 0.9857846)
bones/36/rotation = Quaternion(0.16086708, -1.1723928e-07, 9.055354e-09, 0.98697615)
bones/37/rotation = Quaternion(0.059898734, 8.759137e-10, 1.0951817e-09, 0.9982045)
bones/38/rotation = Quaternion(0.18304932, 1.2149256e-07, -1.3608429e-08, 0.98310375)

[node name="Head" parent="RootNode/AnimalArmature/Skeleton3D" index="0"]
transform = Transform3D(-0.99925596, 0.038553588, 0.0011721221, -0.037808746, -0.9730321, -0.22754988, -0.007632341, -0.22742447, 0.9737654, 0.00023837626, -0.018776458, 0.021194339)

[node name="Ear4_L" parent="RootNode/AnimalArmature/Skeleton3D" index="1"]
transform = Transform3D(-0.59909713, 0.40900463, -0.68832904, -0.73443466, -0.62310135, 0.26897967, -0.3188845, 0.6666776, 0.6736853, 0.0035052556, -0.020061325, 0.025760973)

[node name="Ear4_R" parent="RootNode/AnimalArmature/Skeleton3D" index="2"]
transform = Transform3D(-0.65441537, -0.34679213, 0.671919, 0.6818137, -0.6548288, 0.3260813, 0.32690912, 0.6715164, 0.6649776, -0.002850695, -0.020328138, 0.025801659)

[node name="FrontLowerLeg_L" parent="RootNode/AnimalArmature/Skeleton3D" index="3"]
transform = Transform3D(-0.9989334, -0.006939251, -0.04565108, 0.04600521, -0.23438078, -0.9710555, -0.0039613266, -0.97212, 0.23445007, 0.0033321974, -0.008292873, 0.0111876745)

[node name="FrontLowerLeg_R" parent="RootNode/AnimalArmature/Skeleton3D" index="4"]
transform = Transform3D(-0.9989337, 0.0069349157, 0.04565119, -0.046004526, -0.23435983, -0.9710607, 0.0039646924, -0.9721261, 0.23442984, -0.0033322086, -0.008292851, 0.011187684)

[node name="BackLowerLeg_L" parent="RootNode/AnimalArmature/Skeleton3D" index="5"]
transform = Transform3D(-0.999865, -0.00864725, -0.013895838, 0.015987303, -0.33426264, -0.94234353, 0.0035039429, -0.9424392, 0.33435634, 0.003486147, 0.012448305, 0.008213064)

[node name="BackLowerLeg_R" parent="RootNode/AnimalArmature/Skeleton3D" index="6"]
transform = Transform3D(-0.999866, 0.008647903, 0.013895325, -0.01598695, -0.33427984, -0.9423385, -0.0035042996, -0.9424349, 0.334373, -0.0034861448, 0.012448266, 0.008212959)

[node name="Tail8" parent="RootNode/AnimalArmature/Skeleton3D" index="7"]
transform = Transform3D(1, 5.2111855e-06, 1.2814204e-05, 2.2064225e-07, 0.9202031, -0.39143997, -1.38315345e-05, 0.3914407, 0.9202027, -4.115245e-08, 0.024275409, 0.012175192)

[node name="PoleTargetBack_L" parent="RootNode/AnimalArmature/Skeleton3D" index="8"]
transform = Transform3D(1, 0, 2.3841858e-07, 2.3841798e-07, 0.0022208088, -0.9999975, -5.2948207e-10, 0.9999975, 0.0022208088, 0.002170285, -0.03657891, 0.00827611)

[node name="PoleTarget_L" parent="RootNode/AnimalArmature/Skeleton3D" index="9"]
transform = Transform3D(1, 0, 0, 0, 0.0022208088, -0.9999975, 0, 0.9999975, 0.0022208088, 0.0021728317, -0.033698305, 0.0082892515)

[node name="PoleTargetBack_R" parent="RootNode/AnimalArmature/Skeleton3D" index="10"]
transform = Transform3D(1, 0, -2.3841858e-07, -2.3841798e-07, 0.0022208088, -0.9999975, 5.2948207e-10, 0.9999975, 0.0022208088, -0.002170285, -0.03657891, 0.00827611)

[node name="PoleTarget_R" parent="RootNode/AnimalArmature/Skeleton3D" index="11"]
transform = Transform3D(1, 0, 0, 0, 0.0022208088, -0.9999975, 0, 0.9999975, 0.0022208088, -0.0021728317, -0.033698305, 0.0082892515)

[node name="AnimationTree" type="AnimationTree" parent="." index="2"]
tree_root = SubResource("AnimationNodeBlendTree_0rsg8")
anim_player = NodePath("../AnimationPlayer")
parameters/iwr_blend/blend_amount = -1.0
parameters/ld_blend/blend_amount = 0.0
parameters/attack_shot/active = false
parameters/attack_shot/internal_active = false
parameters/attack_shot/request = 0
parameters/hit_shot/active = false
parameters/hit_shot/internal_active = false
parameters/hit_shot/request = 0
parameters/skill_shot/active = false
parameters/skill_shot/internal_active = false
parameters/skill_shot/request = 0
